------------------
res: 3.141592
dx: 0.00000000010000000
n: 2
time: 34.673445
------------------
------------------
res: 3.141592
dx: 0.00000000010000000
n: 4
time: 26.911541
------------------
------------------
res: 3.141593
dx: 0.00000000010000000
n: 8
time: 19.780692
------------------
