------------------
res: 3.141592
dx: 0.00000000010000000l
n: 2
time: 20.073730
------------------
------------------
res: 3.141593
dx: 0.00000000010000000l
n: 4
time: 10.383669
------------------
------------------
res: 3.141593
dx: 0.00000000010000000l
n: 8
time: 8.070315
------------------
